2002.578 0.0386 0.0213 0.0066 0.0065
2003.447 0.0385 0.0701 0.0009 0.0010
2003.455 0.0393 0.0733 0.0012 0.0012
2004.511 0.0330 0.1191 0.0010 0.0008
2004.516 0.0333 0.1206 0.0009 0.0006
2004.574 0.0315 0.1206 0.0009 0.0009
2005.268 0.0265 0.1389 0.0007 0.0011
2006.490 0.0141 0.1596 0.0065 0.0065
2006.584 0.0137 0.1609 0.0033 0.0007
2006.726 0.0129 0.1627 0.0033 0.0007
2006.800 0.0107 0.1633 0.0033 0.0007
2007.205 0.0064 0.1681 0.0004 0.0007
2007.214 0.0058 0.1682 0.0004 0.0008
2007.255 0.0069 0.1691 0.0010 0.0007
2007.455 0.0047 0.1709 0.0004 0.0006
2008.145 -0.0076 0.1775 0.0007 0.0012
2008.197 -0.0082 0.1780 0.0007 0.0011
2008.268 -0.0084 0.1777 0.0006 0.0008
2008.456 -0.0118 0.1798 0.0006 0.0009
2008.598 -0.0126 0.1802 0.0009 0.0010
2008.708 -0.0127 0.1806 0.0008 0.0013
2009.299 -0.0216 0.1805 0.0006 0.0009
2009.334 -0.0218 0.1813 0.0006 0.0009
2009.501 -0.0233 0.1803 0.0005 0.0008
2009.605 -0.0266 0.1800 0.0012 0.0015
2009.611 -0.0249 0.1806 0.0006 0.0008
2009.715 -0.0260 0.1804 0.0006 0.0008
2010.444 -0.0347 0.1780 0.0013 0.0021
2010.455 -0.0340 0.1774 0.0008 0.0013
2011.400 -0.0430 0.1703 0.0009 0.0017
2012.374 -0.0518 0.1617 0.0012 0.0016
2013.488 -0.0603 0.1442 0.0006 0.0019
2015.581 -0.0690 0.1010 0.0014 0.0010